1 0.70390625 0.69921875 0.215625 0.28203125
1 0.42265625 0.66015625 0.18359375 0.25546875
1 0.71328125 0.5265625 0.2359375 0.1890625
1 0.30859375 0.51875 0.14453125 0.19921875
1 0.4109375 0.41015625 0.16875 0.20703125
1 0.73828125 0.3453125 0.09375 0.07421875
1 0.896875 0.33046875 0.09375 0.06328125
1 0.20546875 0.33125 0.22109375 0.15078125
3 0.16796875 0.20546875 0.08515625 0.0953125
1 0.15859375 0.1125 0.09453125 0.053125
1 0.3 0.1015625 0.08046875 0.05
1 0.3703125 0.20234375 0.09296875 0.0703125
0 0.03203125 0.1046875 0.0640625 0.08203125